0000000000000000001001010100101000001110011011111001000000000001
0000000000000000011000100011100110110101101000101100000000000010
0000000000000000100000010010010111110011100011101110000000000011
0000000000000000100000010010010111110011100011101110000000000100
0000000000000000101111111110011101000100000011000011000000000101
0000000000000000110101011011101100110011100001011011000000000110
0000000000000001000111001010101111111101110100001001000000000111
0000000000000001010100010110110000101011001101100011000000001000
0000000000000001100010011100111110101011001100000001000000001001
0000000000000001110001000000010011010100011101000001000000001010
0000000000000001110010001001000011111011101011010110000000001011
0000000000000001111100010111111001011100101100010011000000001100
0000000000000010001110110010100110100100111010110100000000001101
0000000000000010010100111011100000010010010100111111000000001110
0000000000000010100010110011001010111101101010001100000000001111
0000000000000010110111011111011001010100010101010111000000010000
0000000000000011001101000101110100111101100101100110000000010001
0000000000000011010110101001000000100000101010110000000000010010
0000000000000011011100110001111010001110000100111011000000010011
0000000000000011100100111101110001110101010010011111000000010100
0000000000000011111001101010000000001011111101101010000000010101
0000000000000011111010100100001101011110100010101110000000010110
0000000000000011111011000001010100000111110101010000000000010111
0000000000000100000111000100100100001110000000010101000000011000
0000000000000100011011111111010101111001010100110001000000011001
0000000000000100101110101000100110010110001100100011000000011010
0000000000000100110011011010001100000111101111001000000000011011
0000000000000100110111000011000001010010000011011000000000011100
0000000000000100111011001000111101000101101010001010000000011101
0000000000000101010000101111011000101110111010011001000000011110
0000000000000101011011011011010100111001001101111000000000011111
0000000000000101100001010101101011010001111110110010000000100000
0000000000000101110001011110110111001011110000101001000000100001
0000000000000101111010000111110101011100010000101111000000100010
0000000000000110001001110011111010101100110000000100000000100011
0000000000000110001100100010100010100100011111010000000000100100
0000000000000110011011110001100001001011101100000011000000100101
0000000000000110110010010010001010000111100001010110000000100110
0000000000000110111010001111011110011010000101101001000000100111
0000000000000111001111100111010110101110101100100111000000101000
0000000000000111010000010011000000101100101000011010000000101001
0000000000000111010010110011000101001111101110010101000000101010
0000000000000111010111110011001110010101111010001011000000101011
0000000000000111011111010011011011111111001011111100000000101100
0000000000000111101111111001101110100010010000010101000000101101
0000000000000111111110011101000011001011100001010101000000101110
0000000000001000000111110001101011011001111101001110000000101111
0000000000001000001010010001101111111101000011001001000000110000
0000000000001000010110010101000000000011001110001110000000110001
0000000000001000100101110010100001111111000100010010000000110010
0000000000001000110000011110011110001001010111110001000000110011
0000000000001000111010011110110000010101101111011101000000110100
0000000000001001001000100100111110010101101101111011000000110101
0000000000001001010101100010011011101110011110000100000000110110
0000000000001001011101111100110110101010010100111001000000110111
0000000000001001101011010111011010101100010111100100000000111000
0000000000001001110000100110000111000111001100101011000000111001
0000000000001001111001111010101111010101101000100100000000111010
0000000000001010000000100000101111101100010101010001000000111011
0000000000001010010010001111110010110110100111111111000000111100
0000000000001010010101111000101000000000111100001111000000111101
0000000000001010011101110101111100010011100000100010000000111110
0000000000001010110010010011100111010101100010011100000000111111
0000000000001010111011110110110010111000100111100110000001000000
0000000000001011001111110111010111010001010110111110000001000001
0000000000001011010001001110101011001101001110100100000001000010
0000000000001011011010010100110000000111000001001100000001000011
0000000000001011100011110111111011101010000110010110000001000100
0000000000001011110010011011010000010011010111010110000001000101
0000000000001011111101010101101111110010010100000110000001000110
0000000000001100000111110011001000100111111110010100000001000111
0000000000001100001000111011111001001111001100101001000001001000
0000000000001100011101011001100100010001001110100011000001001001
0000000000001100100011111111100100100111111011010000000001001010
0000000000001100110011111010001101001101000011110110000001001011
0000000000001100111111010001110011010101010011001000000001001100
0000000000001101000000101001000111010001001010101110000001001101
0000000000001101000000110111101010100101110011111111000001001110
0000000000001101010110000000111111100101110001101100000001001111
0000000000001101100000111011011111000100101110011100000001010000
0000000000001101100111100001011111011011011011001001000001010001
0000000000001101101100110000001011110110010000010000000001010010
0000000000001101111111110110100010111100011010100100000001010011
0000000000001110001100001000010110010111001110111010000001010100
0000000000001110011000110111010000011011010101110010000001010101
0000000000001110100001111101010101010101001000011010000001010110
0000000000001110110000111101110000100111101011111100000001010111
0000000000001111000010001111101101001000101100001000000001011000
0000000000001111001001010010110100001000101011010111000001011001
0000000000001111001011000111001110101101110101011111000001011010
0000000000001111010101000111100000111010001101001011000001011011
0000000000001111011101111111000010011111010110100010000001011100
0000000000001111100011111001011000111000000111011100000001011101
0000000000001111101001001000000101010010111100100011000001011110
0000000000001111110001100010100000001110110011011000000001011111
0000000000001111111010001011011110011111010011011110000001100000
0000000000001111111110010001011010010010111010010000000001100001
0000000000010000010000111010101010101111110010000010000001100010
0000000000010000010111100000101011000110011110101111000001100011
0000000000010000100000110101010011010100111010101000000001100100
0000000000010000101000010101100000111110001100011001000001100101
0000000000010000101011101111110010110011110111011000000001100110
0000000000010000110100100111010100011001000000101111000001100111
0000000000010001000001110011010101000110011010001001000001101000
0000000000010001000010101101100010011000111111001101000001101001
0000000000010001001001100010000110000100010101001011000001101010
0000000000010001011011000010100101111001111110101000000001101011
0000000000010001011100011001111001110101110110001110000001101100
0000000000010001101101000000001100011000111010100111000001101101
0000000000010010000000100011101010001000010111011101000001101110
0000000000010010000101010101001111111001111010000010000001101111
0000000000010010001111100100000101011010111010111111000001110000
0000000000010010010101000001010101001010011001010111000001110001
0000000000010010100101011001000100011000110100011111000001110010
0000000000010010110101010011101100111101111101000101000001110011
0000000000010010111011111001101101010100101001110010000001110100
0000000000010011001101011010001101001010010011001111000001110101
0000000000010011011110000000011111101101010111101000000001110110
0000000000010011110100000100000001111111111010011001000001110111
0000000000010011110110110010101001110111101001100101000001111000
0000000000010100001010010110000111100111000110011011000001111001
0000000000010100011110110011110010101001001000010101000001111010
0000000000010100101100101011011101010100011101100010000001111011
0000000000010100110100110111010100111011101011000110000001111100
0000000000010101000001010111101011101011001000101101000001111101
0000000000010101010000100110101010010010010101100000000001111110
0000000000010101011101000111000001000001110011000111000001111111
0000000000010101101101111011110110111001100000110001000010000000
0000000000010101110100111110111101111001100000000000000010000001
0000000000010110000000110011101010101011000001110100000010000010
0000000000010110001100001011010000110011010001000110000010000011
0000000000010110010111100010110110111011100000011000000010000100
0000000000010110100000110111011111001001111100010001000010000101
0000000000010110100110010100101110111001011010101001000010000110
0000000000010110110101010101001010001011111110001011000010000111
0000000000010110111100001001101101110111010100001001000010001000
0000000000010110111101101111100101000111110101000000000010001001
0000000000010111010010011011110011011110100000001011000010001010
0000000000010111010100000001101010101111000001000010000010001011
0000000000010111011100011100000101101010110111110111000010001100
0000000000010111101001011001100011000011101000000000000010001101
0000000000010111111101001011100100000111101110000111000010001110
0000000000011000001001001110110100001101111001001100000010001111
0000000000011000011100000110100111111111011010001111000010010000
0000000000011000100110010101011101100000011011001100000010010001
0000000000011000101000011000011011011010001110100101000010010010
0000000000011000101010011011011001010100000001111110000010010011
0000000000011000110111100111011010000001011011011000000010010100
0000000000011000111100011000111111110010111101111101000010010101
0000000000011001010000011001100100001011101101010101000010010110
0000000000011001010101011001101101010001111001001011000010010111
0000000000011001011111110111000110000111100011011001000010011000
0000000000011001100001001110011010000011011010111111000010011001
0000000000011001101000000010111101101110110000111101000010011010
0000000000011001101011000000001000111011001001011010000010011011
0000000000011001111010011101101010110110111111011110000010011100
0000000000011001111010011101101010110110111111011110000010011101
0000000000011010001111001001111001001101101010101001000010011110
0000000000011010011101010000000111001101101001000111000010011111
0000000000011010101001110000011101111101000110101110000010100000
0000000000011010101100000001111111001011100011011000000010100001
0000000000011010111001011100100011001101100110000011000010100010
0000000000011010111110111001110010111101000100011011000010100011
0000000000011011000111010100001101111000111011010000000010100100
0000000000011011010010001110101101010111111000000000000010100101
0000000000011011100101000110100001001001011001000011000010100110
0000000000011011111010101100111100110010101001010010000010100111
0000000000011100000100000001100101000001000101001011000010101000
0000000000011100000100011110101011101010010111101101000010101001
0000000000011100001111110110010001110010100110111111000010101010
0000000000011100100100100010100000001001010010001010000010101011
0000000000011100101100101110010111110000011111101110000010101100
0000000000011100111101100011001101101000001101011000000010101101
0000000000011101000010000110010000000101000110101100000010101110
0000000000011101010111111011001111000011000000001100000010101111
0000000000011101011100101100110100110100100010110001000010110000
0000000000011101100111100111010100010011011111100001000010110001
0000000000011101111110000111111101001111010100110100000010110010
0000000000011110001101100101011111001011001010111000000010110011
0000000000011110100000101011110110010001010101001100000010110100
0000000000011110110011000110100011011001100011101101000010110101
0000000000011110111010110101010100010111011110101111000010110110
0000000000011111000110111000100100011101101001110100000010110111
0000000000011111011101011001001101011001011111000111000010111000
0000000000011111100001011111001001001101000101111001000010111001
0000000000011111101010001000000111011101100101111111000010111010
0000000000011111101010001000000111011101100101111111000010111011
0000000000011111111110001000101011110110010101010111000010111100
0000000000100000000100010001100101100011101111100010000010111101
0000000000100000010011100000100100001010111100010101000010111110
0000000000100000011001111000000001001100111111110001000010111111
0000000000100000101111000001010110001100111101011110000011000000
0000000000100000111001111011110101101011111010001110000011000001
0000000000100001001100110011101001011101011011010001000011000010
0000000000100001001110011001100000101101111100001000000011000011
0000000000100001010011001011000110011111011110101101000011000100
0000000000100001010101011100100111101101111011010111000011000101
0000000000100001011001010100000000001100111000111000000011000110
0000000000100001011100010001001011011001010001010101000011000111
0000000000100001011111011100111001111010010011000011000011001000
0000000000100001100001011111110111110100000110011100000011001001
0000000000100001100101001000101100111110011010101100000011001010
0000000000100001101101000110000001010000111110111111000011001011
0000000000100001111000101100001010101101110111100010000011001100
0000000000100001111000101100001010101101110111100010000011001101
0000000000100010000011110101001101100001011101100011000011001110
0000000000100010001000001001101100101001101101100110000011001111
0000000000100010010100111000100110101101110100011110000011010000
0000000000100010101011001010101100010101000000100000000011010001
0000000000100010101011110110010110010010111100010011000011010010
0000000000100010110001010011100110000010011010101011000011010011
0000000000100010110011001000000000100111100100110011000011010100
0000000000100010111101001000010010110011111100011111000011010101
0000000000100010111111001011010000101101101111111000000011010110
0000000000100011010011011010011000011011001000100001000011010111
0000000000100011010011110111011111000100011011000011000011011000
0000000000100011101001011101111010101101101011010010000011011001
0000000000100011111100110010110101001000011110110111000011011010
0000000000100100010001111100001010001000011100100100000011011011
0000000000100100011011101101111001000000001010111111000011011100
0000000000100100100000111100100101011011000000000110000011011101
0000000000100100110100101110100110011111000110001101000011011110
0000000000100100110111111010010101000000000111111011000011011111
0000000000100100111000100101111110111110000011101110000011100000
0000000000100101000011100000011110011101000000011110000011100001
0000000000100101000011100000011110011101000000011110000011100010
0000000000100101010000101100011111001010011001111000000011100011
0000000000100101010100110010011010111110000000101010000011100100
0000000000100101100110111110100100110001100101111010000011100101
0000000000100101111100110011100011101111011111011010000011100110
0000000000100110010011000101101001010110101011011100000011100111
0000000000100110100101100000010110011110111001111101000011101000
0000000000100110111001101111011110001100010010100110000011101001
0000000000100111010000000001100011110011011110101000000011101010
0000000000100111010010000100100001101101010010000001000011101011
0000000000100111011111000001111111000110000010001010000011101100
0000000000100111101111011001101110010100011101010010000011101101
0000000000100111110100011001110111011010101001001000000011101110
0000000000100111111101000010110101101011001001001110000011101111
0000000000101000010001111101100111010110011101101010000011110000
0000000000101000011010100110100101100110111101110000000011110001
0000000000101000101100100100001100000101111001101111000011110010
0000000000101001000001000001110111000111111011101001000011110011
0000000000101001001101111111010100100000101011110010000011110100
0000000000101001011011001011010101001110000101001100000011110101
0000000000101001101111110111100011100100110000010111000011110110
0000000000101001110011010001110101011010011011010110000011110111
0000000000101010000111010010011001110011001010101110000011111000
0000000000101010010100000001010011110111010001100110000011111001
0000000000101010010110100001011000011010010111100001000011111010
0000000000101010010110111110011111000011101010000011000011111011
0000000000101010011110101101010000000001100101000101000011111100
0000000000101010101111000100111111010000000000001101000011111101
0000000000101010111011100101010101111111011101110100000011111110
0000000000101011000001111100110011000001100001010000000011111111
0000000000101011001100011010001011110111001011011110000100000000
0000000000101011011010100000011001110111001001111100000100000001
0000000000101011101110000011110111100110100110110010000100000010
0000000000101011111111000111010000110010111101101101000100000011
0000000000101100000110100111011110011100001111011110000100000100
0000000000101100010110010011100011101100101110110011000100000101
0000000000101100011111110110101111001111110011111101000100000110
0000000000101100101001110111000001011100001011101001000100000111
0000000000101100101101011111110110100110011111111001000100001000
0000000000101100111111111010100011101110101110011010000100001001
0000000000101101010110001100101001010101111010011100000100001010
0000000000101101011011001100110010011100000110010010000100001011
0000000000101101100110110010111011111000111110110101000100001100
0000000000101101101011100100100001101010100001011010000100001101
0000000000101110000010000101001010100110010110101101000100001110
0000000000101110001111000010100111111111000110110110000100001111
0000000000101110100000010100100100100000000111000010000100010000
0000000000101110110101001111010110001011011011011110000100010001
0000000000101111001001011110011101111000110100000111000100010010
0000000000101111011010100001110111000101001011000010000100010011
0000000000101111011101010000011110111100111010001110000100010100
0000000000101111011101010000011110111100111010001110000100010101
0000000000101111011111100010000000001011010110111000000100010110
0000000000101111100000001101101010001001010010101011000100010111
0000000000101111101111111001101111011001110010000000000100011000
0000000000101111111101110001011010000101000111001101000100011001
0000000000110000010001110001111110011101110110100101000100011010
0000000000110000010010000000100001110010011111110110000100011011
0000000000110000100110001111101001011111111000011111000100011100
0000000000110000110010110000000000001111010110000110000100011101
0000000000110000110111111110101100101010001011001101000100011110
0000000000110000111000011011110011010011011101101111000100011111
0000000000110001001011110000101101101110010001010100000100100000
0000000000110001011110011001111110001011001001000110000100100001
0000000000110001110001101110111000100101111100101011000100100010
0000000000110010000101101111011100111110101100000011000100100011
0000000000110010001011101001110011010111011100111101000100100100
0000000000110010001111100001001011110110011010011110000100100101
0000000000110010011100011110101001001111001010100111000100100110
0000000000110010100011110000010011100011110011000111000100100111
0000000000110010101011000001111101111000011011100111000100101000
0000000000110010111010101110000011001000111010111100000100101001
0000000000110011000110111111110110100011101111010010000100101010
0000000000110011001011110001011100010101010001110111000100101011
0000000000110011100000000000100100000010101010100000000100101100
0000000000110011110001010010100000100011101010101100000100101101
0000000000110011110111111000100000111010010111011001000100101110
0000000000110100000111010110000010110110001101011101000100101111
0000000000110100011100010000110100100001100001111001000100110000
0000000000110100100001111100100111100101101001100010000100110001
0000000000110100101110011100111110010101000111001001000100110010
0000000000110100110110001011101111010011000010001011000100110011
0000000000110101000001010100110010000110101000001100000100110100
0000000000110101001010101001011010010101000100000101000100110101
0000000000110101001101011000000010001100110011010001000100110110
0000000000110101010111100110110111101101110100001110000100110111
0000000000110101100101001111111111000100100000001010000100111000
0000000000110101101001010101111010111000000110111100000100111001
0000000000110101110101011001001010111110010010000001000100111010
0000000000110101111110010000101100100011011011011000000100111011
0000000000110110000011011111011000111110010000011111000100111100
0000000000110110010101011100111111011101001100011110000100111101
0000000000110110101011010001111110011011000101111110000100111110
0000000000110110111111000011111111011111001100000101000100111111
0000000000110111000101101001111111110101111000110010000101000000
0000000000110111010000110011000010101001011110110011000101000001
0000000000110111011001001101011101100101010101101000000101000010
0000000000110111101000001101111000110111111001001010000101000011
0000000000110111110011010110111011101011011111001011000101000100
0000000000111000001000100000010000101011011100111000000101000101
0000000000111000011110000110101100010100101101000111000101000110
0000000000111000110100001010001110100111001111111000000101000111
0000000000111000110111110011000011110001100100001000000101001000
0000000000111001001011010110100001100001000000111110000101001001
0000000000111001001100011111010010001000001111010011000101001010
0000000000111001100000011111110110100000111110101011000101001011
0000000000111001110011001001000110111101110110011101000101001100
0000000000111001111111101001011101101101010100000100000101001101
0000000000111010000111011000001110101011001111000110000101001110
0000000000111010001010100011111101001100010000110100000101001111
0000000000111010001010110010100000100000111010000101000101010000
0000000000111010001110011011010101101011001110010101000101010001
0000000000111010011110100100100001100101000000001100000101010010
0000000000111010110010000111111111010100011101000010000101010011
0000000000111011000000011100110000101001000100110001000101010100
0000000000111011000011011001111011110101011101001110000101010101
0000000000111011001111111010010010100100111010110101000101010110
0000000000111011100011001111001100111111101110011010000101010111
0000000000111011101111010010011101000101111001011111000101011000
0000000000111011110010000001000100111101101000101011000101011001
0000000000111011110011110101011111100010110010110011000101011010
0000000000111011111011000111001001110111011011010011000101011011
0000000000111100000101010101111111011000011100010000000101011100
0000000000111100001000010011001010100100110100101101000101011101
0000000000111100010101000010000100101000111011100101000101011110
0000000000111100011001110011101010011010011110001010000101011111
0000000000111100100110111111101011000111110111100100000101100000
0000000000111100110001011101000011111101100001110010000101100001
0000000000111101000100000110010100011010011001100100000101100010
0000000000111101010110100001000001100010101000000101000101100011
0000000000111101100000100001010011101110111111110001000101100100
0000000000111101110110010110010010101100111001010001000101100101
0000000000111101111011010110011011110011000101000111000101100110
0000000000111110000001111100011100001001110001110100000101100111
0000000000111110001111110100000110110101000111000001000101101000
0000000000111110010111110001011011000111101011010100000101101001
0000000000111110100011001001000001001111111010100110000101101010
0000000000111110110011101111010011110010111110111111000101101011
0000000000111111000010101111101111000101100010100001000101101100
0000000000111111001100110000000001010001111010001101000101101101
0000000000111111011010001010100101010011111100111000000101101110
0000000000111111101111000101010110111111010001010100000101101111
0000000000111111110111111100111000100100011010101011000101110000
0000000001000000000100000000001000101010100101110000000101110001
0000000001000000001001011101011000011010000100001000000101110010
0000000001000000010101101111001011110100111000011110000101110011
0000000001000000011000000000101101000011010101001000000101110100
0000000001000000100010001111100010100100010110000101000101110101
0000000001000000101101011000100101010111111100000110000101110110
0000000001000001000000111100000011000111011000111100000101110111
0000000001000001000011111001001110010011110001011001000101111000
0000000001000001010100101110000100001011011111000011000101111001
0000000001000001011001101110001101010001101010111001000101111010
0000000001000001101001001011101111001101100000111101000101111011
0000000001000001101101010001101011000001000111101111000101111100
0000000001000010000001000011101100000101001101110110000101111101
0000000001000010000010001100011100101100011100001011000101111110
0000000001000010001111011000011101011001110101100101000101111111
0000000001000010100100000100101011110000100000110000000110000000
0000000001000010100100100001110010011001110011010010000110000001
0000000001000010101010001101100101011101111010111011000110000010
0000000001000010111011101110000101010011100100011000000110000011
0000000001000010111110111001110011110100100110000110000110000100
0000000001000011000010000101100010010101100111110100000110000101
0000000001000011000111100010110010000101000110001100000110000110
0000000001000011001111010001100011000011000001001110000110000111
0000000001000011100000000110011000111010101110111000000110001000
0000000001000011110000011110001000001001001010000000000110001001
0000000001000011111101111000101100001011001100101011000110001010
0000000001000100000101011000111001110100011110011100000110001011
0000000001000100010101010011100010011001100111000010000110001100
0000000001000100101001000101100011011101101101001001000110001101
0000000001000100111111001001000101110000001111111010000110001110
0000000001000101000011001111000001100011110110101100000110001111
0000000001000101010100101111100001011001100000001001000110010000
0000000001000101100101010101110011111100100100100010000110010001
0000000001000101110101010000011100100001101101001000000110010010
0000000001000110000011100101001101110110010100110111000110010011
0000000001000110010011000010101111110010001010111011000110010100
0000000001000110100111111101100001011101011111010111000110010101
0000000001000110111011010010011011111000010010111100000110010110
0000000001000110111011101111100010100001100101011110000110010111
0000000001000111001101111011101100010101001010101110000110011000
0000000001000111010000111000110111100001100011001011000110011001
0000000001000111010111000001110001001110111101010110000110011010
0000000001000111010111011110110111111000001111111000000110011011
0000000001000111101101111111100000110100000101001011000110011100
0000000001000111110100001000011010100001011111010110000110011101
0000000001000111111001110100001101100101100110111111000110011110
0000000001001000000011100101111100011101010101011010000110011111
0000000001001000001001000011001100001100110011110010000110100000
0000000001001000001110010001111000100111101000111001000110100001
0000000001001000011110101001100111110110000100000001000110100010
0000000001001000101100100001010010100001011001001110000110100011
0000000001001000111110111011111111101001100111101111000110100100
0000000001001000111111100111101001100111100011100010000110100101
0000000001001001000110111001010011111100001100000010000110100110
0000000001001001001000000010000100100011011010010111000110100111
0000000001001001011101001011011001100011011000000100000110101000
0000000001001001100010110111001100100111011111101101000110101001
0000000001001001101001111010010011100111011110111100000110101010
0000000001001001111110110101000101010010110011011000000110101011
0000000001001010001000011000010000110101111000100010000110101100
0000000001001010001101011000011001111100000100011000000110101101
0000000001001010100000111011110111101011100001001110000110101110
0000000001001010101111011111001100010100110010001110000110101111
0000000001001010101111011111001100010100110010001110000110110000
0000000001001011000011010001001101011000111000010101000110110001
0000000001001011010000111010010100101111100100010001000110110010
0000000001001011010011110111011111111011111100101110000110110011
0000000001001011100100101100010101110011101010011000000110110100
0000000001001011110100100110111110011000110010111110000110110101
0000000001001100000100100001100110111101111011100100000110110110
0000000001001100001100011110111011010000011111110111000110110111
0000000001001100010011111111001000111001110001101000000110111000
0000000001001100010110011111001101011100110111100011000110111001
0000000001001100100100001000010100110011100011011111000110111010
0000000001001100111001111101010011110001011100111111000110111011
0000000001001101001001001100010010011000101001110010000110111100
0000000001001101011100100001001100110011011101010111000110111101
0000000001001101100111111000110010111011101100101001000110111110
0000000001001101110000111110110111110101011111010001000110111111
0000000001001110000110010110110000001010000110001111000111000000
0000000001001110011011111101001011110011010110011110000111000001
0000000001001110100001011010011011100010110100110110000111000010
0000000001001110100101101110111010101011000100111001000111000011
0000000001001110101011011010101101101111001100100010000111000100
0000000001001110111100101100101010010000001100101110000111000101
0000000001001111010010000100100010100100110011101100000111000110
0000000001001111011111010000100011010010001101000110000111000111
0000000001001111011111101101101001111011011111101000000111001000
0000000001001111101111110110110101110101010001011111000111001001
0000000001001111111110110111010001000111110101000001000111001010
0000000001010000010000100110010100010010000111101111000111001011
0000000001010000100101101111101001010010000101011100000111001100
0000000001010000110001010101110010101110111101111111000111001101
0000000001010001000100011100001001110101001000010011000111001110
0000000001010001001000100010000101101000101111000101000111001111
0000000001010001010111000101011010010010000000000101000111010000
0000000001010001011011011001111001011010010000001000000111010001
0000000001010001100111001110100110001011110001111100000111010010
0000000001010001100111001110100110001011110001111100000111010011
0000000001010001111011000000100111001111111000000011000111010100
0000000001010010001000101001101110100110100011111111000111010101
0000000001010010001110100100000100111111010100111001000111010110
0000000001010010010000110101100110001101110001100011000111010111
0000000001010010011101110011000011100110100001101100000111011000
0000000001010010101101101101101100001011101010010010000111011001
0000000001010010110001000111111110000001010101010001000111011010
0000000001010011000010011001111010100010010101011101000111011011
0000000001010011001000100010110100001111101111101000000111011100
0000000001010011010010010100100011000111011110000011000111011101
0000000001010011011111100000100011110100110111011101000111011110
0000000001010011101110000011111000011110001000011101000111011111
0000000001010011110000000110110110010111111011110110000111100000
0000000001010100000010110000000110110100110011101000000111100001
0000000001010100010110010011100100100100010000011110000111100010
0000000001010100100101000101011100100010001010101111000111100011
0000000001010100111000110111011101100110010000110110000111100100
0000000001010101001010010111111101011011111010010011000111100101
0000000001010101011011001100110011010011100111111101000111100110
0000000001010101100000111000100110010111101111100110000111100111
0000000001010101100111000001100000000101001001110001000111101000
0000000001010101101101100111100000011011110110011110000111101001
0000000001010101110011111110111101011101111001111010000111101010
0000000001010101111001001101101001111000101111000001000111101011
0000000001010101111101110000101100010101101000010101000111101100
0000000001010101111110001101110010111110111010110111000111101101
0000000001010110001100010100000000111110111001010101000111101110
0000000001010110010001100010101101011001101110011100000111101111
0000000001010110100111010111101100010111100111111100000111110000
0000000001010110101111110010000111010011011110110001000111110001
0000000001010110111101101001110001111110110011111110000111110010
0000000001010111010011010000001101101000000100001101000111110011
0000000001010111011000111100000000101100001011110110000111110100
0000000001010111100111011111010101010101011100110110000111110101
0000000001010111110101001000011100101100001000110010000111110110
0000000001010111110101100101100011010101011011010100000111110111
0000000001010111111001001110011000011111101111100100000111111000
0000000001011000000000000010111100001011000101100010000111111001
0000000001011000000101111101010010100011110110011100000111111010
0000000001011000001000011101010111000110111100010111000111111011
0000000001011000011000100110100011000000101110001110000111111100
0000000001011000011011000110100111100011110100001001000111111101
0000000001011000100101110010100011101110000111101000000111111110
0000000001011000110001110101110011110100010010101101000111111111
0000000001011000110110011000110110010001001100000001001000000000
0000000001011001001010110110100001010011001101111011001000000001
0000000001011001010000010011110001000010101100010011001000000010
0000000001011001100100010100010101011011011011101011001000000011
0000000001011001110010101001000110110000000011011010001000000100
0000000001011001111011101111001011101001110110000010001000000101
0000000001011010000111010101010101000110101110100101001000000110
0000000001011010010101011011100011000110101101000011001000000111
0000000001011010011100000001100011011101011001110000001000001000
0000000001011010011100000001100011011101011001110000001000001001
0000000001011010011110111110101110101001110010001101001000001010
0000000001011010101100001010101111010111001011100111001000001011
0000000001011010111101111001110010100001011110010101001000001100
0000000001011011001100101011101010011111011000100110001000001101
0000000001011011001110010001100001101111111001011101001000001110
0000000001011011011111110010000001100101100010111010001000001111
0000000001011011011111110010000001100101100010111010001000010000
0000000001011011101100111110000010010010111100010100001000010001
0000000001011011110101110101100011111000000101101011001000010010
0000000001011011110110100001001101110110000001011110001000010011
0000000001011100000100001010010101001100101101011010001000010100
0000000001011100010001000111110010100101011101100011001000010101
0000000001011100010110100101000010010100111011111011001000010110
0000000001011100101000000101100010001010100101011000001000010111
0000000001011100101001111001111100101111101111100000001000011000
0000000001011100101100110111000111111100000111111101001000011001
0000000001011101000000101001001001000000001110000100001000011010
0000000001011101000000110111101100010100110111010101001000011011
0000000001011101001100001111010010011101000110100111001000011100
0000000001011101011001111000011001110011110010100011001000011101
0000000001011101100000001111110110110101110101111111001000011110
0000000001011101110101011001001011110101110011101100001000011111
0000000001011110001000011111100010111011111110000000001000100000
0000000001011110001001101000010011100011001100010101001000100001
0000000001011110010010101110011000011100111110111101001000100010
0000000001011110010101001110011101000000000100111000001000100011
0000000001011110010110001000101010010010101001111100001000100100
0000000001011110011110000101111110100101001110001111001000100101
0000000001011110101010110100111000101001010101000111001000100110
0000000001011110111011001100100111110111110000001111001000100111
0000000001011111000110100100001101111111111111100001001000101000
0000000001011111001011110010111010011010110100101000001000101001
0000000001011111011111000111110100110101101000001101001000101010
0000000001011111101011110110101110111001101111000101001000101011
0000000001011111101111011111100100000100000011010101001000101100
0000000001011111110101011001111010011100110100001111001000101101
0000000001100000000010010111010111110101100100011000001000101110
0000000001100000001000010001101110001110010101010010001000101111
0000000001100000010101001111001011100111000101011011001000110000
0000000001100000011101101001100110100010111100010000001000110001
0000000001100000101101110010110010011100101110000111001000110010
0000000001100000111101011110110111101101001101011100001000110011
0000000001100001001011010110100010011000100010101001001000110100
0000000001100001100001001011100001010110011100001001001000110101
0000000001100001100110001011101010011100100111111111001000110110
0000000001100001101010000011000010111011100101100000001000110111
0000000001100001101100110001101010110011010100101100001000111000
0000000001100001110000101001000011010010010010001101001000111001
0000000001100010000110011110000010010000001011101101001000111010
0000000001100010011001110010111100101010111111010010001000111011
0000000001100010100011000111100100111001011011001011001000111100
0000000001100010101000010110010001010100010000010010001000111101
0000000001100010101110111100010001101010111100111111001000111110
0000000001100010110101100010010010000001101001101100001000111111
0000000001100011000100010100001001111111100011111101001001000000
0000000001100011010001101110101110000001100110101000001001000001
0000000001100011011001000000011000010110001111001000001001000010
0000000001100011101110110101010111010100001000101000001001000011
0000000001100011111011010101101110000011100110001111001001000100
0000000001100100000111011000111110001001110001010100001001000101
0000000001100100010101011111001100001001101111110010001001000110
0000000001100100101000100101100011001111111010000110001001000111
0000000001100100110000010100010100001101110101001000001001001000
0000000001100100111100100110000111101000101001011110001001001001
0000000001100101001100111101110110110111000100100110001001001010
0000000001100101011001111011010100001111110100101111001001001011
0000000001100101101001100111011001100000010100000100001001001100
0000000001100101110000111001000011110100111100100100001001001101
0000000001100101111111001101110101001001100100010011001001001110
0000000001100110000000110011101100011010000101001010001001001111
0000000001100110010011101011100000001011100110001101001001010000
0000000001100110010110001011100100101110101100001000001001010001
0000000001100110011110001000111001000001010000011011001001010010
0000000001100110101101010111110111101000011101001110001001010011
0000000001100110111000010010010111000111011001111110001001010100
0000000001100111001001010101110000010011110000111001001001010101
0000000001100111010001111110101110100100010000111111001001010110
0000000001100111010111001101011010111111000110000110001001010111
0000000001100111100000110000100110100010001011010000001001011000
0000000001100111101101000010011001111100111111100110001001011001
0000000001100111101111100010011110100000000101100001001001011010
0000000001100111111000110111000110101110100001011010001001011011
0000000001101000001001111010011111111010111000010101001001011100
0000000001101000010111010101000011111100111011000000001001011101
0000000001101000011101000000110111000001000010101001001001011110
0000000001101000100001110010011100110010100101001110001001011111
0000000001101000110001101101000101010111101101110100001001100000
0000000001101000110111100111011011110000011110101110001001100001
0000000001101000111111010110001100101110011001110000001001100010
0000000001101001000000011110111101010101101000000101001001100011
0000000001101001010011010110110001000111001001001000001001100100
0000000001101001011110101110010111001111011000011010001001100101
0000000001101001110101000000011100110110100100011100001001100110
0000000001101010000110111110000011010101100000011011001001100111
0000000001101010000111001100100110101010001001101100001001101000
0000000001101010011100010101111011101010000111011001001001101001
0000000001101010100100000100101100101000000010011011001001101010
0000000001101010101100011111000111100011111001010000001001101011
0000000001101010110100001101111000100001110100010010001001101100
0000000001101011000000111100110010100101111011001010001001101101
0000000001101011010110000110000111100101111000110111001001101110
0000000001101011100111011000000100000110111001000011001001101111
0000000001101011101000100000110100101110000111011000001001110000
0000000001101011110110100111000010101110000101110110001001110001
0000000001101100000001100001100010001101000010100110001001110010
0000000001101100010011111100001111010101010001000111001001110011
0000000001101100010011111100001111010101010001000111001001110100
0000000001101100010110111001011010100001101001100100001001110101
0000000001101100100000001110000010110000000101011101001001110110
0000000001101100101100101110011001011111100011000100001001110111
0000000001101100111001001110110000001111000000101011001001111000
0000000001101101000010110001111011110010000101110101001001111001
0000000001101101010000111000001001110010000100010011001001111010
0000000001101101010011011000001110010101001010001110001001111011
0000000001101101100100111000101110001010110011101011001001111100
0000000001101101101010010101111101111010010010000011001001111101
0000000001101101111100000101000001000100100100110001001001111110
0000000001101110000111111001101101110110000110100101001001111111
0000000001101110010001101011011100101101110101000000001010000000
0000000001101110100111100000011011101011101110100000001010000001
0000000001101110111000000110101110001110110010111001001010000010
0000000001101111000001001100110011001000100101100001001010000011
0000000001101111000100001001111110010100111101111110001010000100
0000000001101111010101001101010111100001010100111001001010000101
0000000001101111100101100101000110101111110000000001001010000110
0000000001101111101001101011000010100011010110110011001010000111
0000000001101111101011111100100011110001110011011101001010001000
0000000001101111101111110011111100010000110000111110001010001001
0000000001101111110111000101100110100101011001011110001010001010
0000000001101111111001110100001110011101001000101010001010001011
0000000001110000001111011010101010000110011000111001001010001100
0000000001110000011111000110101111010110111000001110001010001101
0000000001110000100110001001110110010110110111011101001010001110
0000000001110000101111001111111011010000101010000101001010001111
0000000001110001000011010000011111101001011001011101001010010000
0000000001110001010110100101011010000100001101000010001010010001
0000000001110001101011000011000101000110001110111100001010010010
0000000001110010000001000110100111011000110001101101001010010011
0000000001110010010101010101101111000110001010010110001010010100
0000000001110010101001110011011010001000001100010000001010010101
0000000001110010110100000010001111101001001101001101001010010110
0000000001110011000000000101011111101111011000010010001010010111
0000000001110011000011010001001110010000011010000000001010011000
0000000001110011001110110111010111101101010010100011001010011001
0000000001110011010111111101011100100111000101001011001010011010
0000000001110011100001111101101110110011011100110111001010011011
0000000001110011101111001001101111100000110110010001001010011100
0000000001110011110111000111000011110011011010100100001010011101
0000000001110100000100100001100111110101011101001111001010011110
0000000001110100011001011100011001100000110001101011001010011111
0000000001110100011010100101001010001000000000000000001010100000
0000000001110100101001001000011110110001010001000000001010100001
0000000001110100111011100011001011111001011111100001001010100010
0000000001110100111100001110110101110111011011010100001010100011
0000000001110101000010110100110110001110001000000001001010100100
0000000001110101010011111000001111011010011110111100001010100101
0000000001110101010101101100101001111111101001000100001010100110
0000000001110101101010100111011011101010111101100000001010100111
0000000001110110000000101010111101111101100000010001001010101000
0000000001110110001011110100000000110001000110010010001010101001
0000000001110110011000100010111010110101001101001010001010101010
0000000001110110100110011010100101100000100010010111001010101011
0000000001110110101100100011011111001101111100100010001010101100
0000000001110110111011110010011101110101001001010101001010101101
0000000001110111000101000111000110000011100101001110001010101110
0000000001110111001011101101000110011010010001111011001010101111
0000000001110111010100110011001011010100000100100011001010110000
0000000001110111010111110000010110100000011101000000001010110001
0000000001110111101000100101001100011000001010101010001010110010
0000000001110111101000110011101111101100110011111011001010110011
0000000001110111111010010100001111100010011101011000001010110100
0000000001110111111101101110100001011000001000010111001010110101
0000000001111000010000100110010101001001101001011010001010110110
0000000001111000010011100011100000010110000001110111001010110111
0000000001111000101000011110010010000001010110010011001010111000
0000000001111000101101111011100001110000110100101011001010111001
0000000001111000101110001010000101000101011101111100001010111010
0000000001111001000011000100110110110000110010011000001010111011
0000000001111001010000011111011010110010110101000011001010111100
0000000001111001100000011010000011010111111101101001001010111101
0000000001111001100110110001100000011010000001000101001010111110
0000000001111001101100111010011010000111011011010000001010111111
0000000001111010000000000000110001001101100101100100001011000000
0000000001111010010001000100001010011001111100011111001011000001
0000000001111010100100100111101000001001011001010101001011000010
0000000001111010111010111001101101110000100101010111001011000011
0000000001111011001010110100010110010101101101111101001011000100
0000000001111011011110100110010111011001110100000100001011000101
0000000001111011101001010010010011100100000111100011001011000110
0000000001111011101010001100100000110110101100100111001011000111
0000000001111011101010111000001010110100101000011010001011001000
0000000001111011101111101001110000100110001010111111001011001001
0000000001111011111101111110100001111010110010101110001011001010
0000000001111011111111010101110101110110101010010100001011001011
0000000001111100001101101010100111001011010010000011001011001100
0000000001111100001111111100001000011001101110101101001011001101
0000000001111100100000000101010100010011100000100100001011001110
0000000001111100110100010100011100000000111001001101001011001111
0000000001111100111101011010100000111010101011110101001011010000
0000000001111101001011111101110101100011111100110101001011010001
0000000001111101010101100001000001000111000001111111001011010010
0000000001111101011001110101100000001111010010000010001011010011
0000000001111101011100110010101011011011101010011111001011010100
0000000001111101110001011110111001110010010101101010001011010101
0000000001111101110010011001000111000100111010101110001011010110
0000000001111101110110011111000010111000100001100000001011010111
0000000001111101111101110000101101001101001010000000001011011000
0000000001111110001001001000010011010101011001010010001011011001
0000000001111110001010010001000011111100100111100111001011011010
0000000001111110011011010100011101001000111110100010001011011011
0000000001111110100100001011111110101110000111111001001011011100
0000000001111110100100110111101000101100000011101100001011011101
0000000001111110101001110111110001110010001111100010001011011110
0000000001111111000000001001110111011001011011100100001011011111
0000000001111111001010110101110011100011101111000011001011100000
0000000001111111011101111100001010101001111001010111001011100001
0000000001111111101000110110101010001000110110000111001011100010
0000000001111111111000111111110110000010100111111110001011100011
0000000010000000000111100011001010101011111000111110001011100100
0000000010000000001010100000010101111000010001011011001011100101
0000000010000000011011100011101111000100101000010110001011100110
0000000010000000100101110010100100100101101001010011001011100111
0000000010000000101000100001001100011101011000011111001011101000
0000000010000000110010111110100101010011000010101101001011101001
0000000010000001000100101101101000011101010101011011001011101010
0000000010000001010100011001101101101101110100110000001011101011
0000000010000001100010011111111011101101110011001110001011101100
0000000010000001100110110100011010110110000011010001001011101101
0000000010000001111010001001010101010000110110110110001011101110
0000000010000010001110011000011100111110001111011111001011101111
0000000010000010011000011000101111001010100111001011001011110000
0000000010000010100111001010100111001000100001011100001011110001
0000000010000010110000010000101100000010010100000100001011110010
0000000010000010111010011111100001100011010101000001001011110011
0000000010000010111100010011111100001000011111001001001011110100
0000000010000011000000011001110111111100000101111011001011110101
0000000010000011010000010100100000100001001110100001001011110110
0000000010000011010000100011000011110101110111110010001011110111
0000000010000011010101110001110000010000101100111001001011111000
0000000010000011011101000011011010100101010101011001001011111001
0000000010000011101101011011001001110011110000100001001011111010
0000000010000011111001001111110110100101010010010101001011111011
0000000010000100001101000001110111101001011000011100001011111100
0000000010000100011100111100100000001110100001000010001011111101
0000000010000100101011010001010001100011001000110001001011111110
0000000010000100101011011111110100110111110010000010001011111111
0000000010000100101100001011011110110101101101110101001100000000
0000000010000100110001011010001011010000100010111100001100000001
0000000010000100110111100011000100111101111101000111001100000010
0000000010000100110111100011000100111101111101000111001100000011
0000000010000101000111001111001010001110011100011100001100000100
0000000010000101001010101001011100000100000111011011001100000101
0000000010000101011001011011010100000010000001101100001100000110
0000000010000101011111110010110001000100000101001000001100000111
0000000010000101101001100100011111111011110011100011001100001000
0000000010000101110100010000011100000110000111000010001100001001
0000000010000110001000010001000000011110110110011010001100001010
0000000010000110010010000010101111010110100100110101001100001011
0000000010000110011010011101001010010010011011101010001100001100
0000000010000110011100100000001000001100001111000011001100001101
0000000010000110101010110100111001100000110110110010001100001110
0000000010000110110101111101111100010100011100110011001100001111
0000000010000111001000011000101001011100101011010100001100010000
0000000010000111011100011001001101110101011010101100001100010001
0000000010000111100101111100011001011000011111110110001100010010
0000000010000111100111110000110011111101101001111110001100010011
0000000010000111110101011001111011010100010101111010001100010100
0000000010000111111010001011100001000101111000011111001100010101
0000000010001000000111010111100001110011010001111001001100010110
0000000010001000010011101001010101001110000110001111001100010111
0000000010001000100111101001111001100110110101100111001100011000
0000000010001000110010000111010010011100011111110101001100011001
0000000010001001000110100100111101011110100001101111001100011010
0000000010001001010001101110000000010010000111110000001100011011
0000000010001001011011011111101111001001110110001011001100011100
0000000010001001100010010100010010110101001100001001001100011101
0000000010001001100110110111010101010010000101011101001100011110
0000000010001001110001110001110100110001000010001101001100011111
0000000010001010000001000000110011011000001111000000001100100000
0000000010001010001001001100101010111111011100100100001100100001
0000000010001010011100000100011110110000111101100111001100100010
0000000010001010100100000001110011000011100001111010001100100011
0000000010001010101001111100001001011100010010110100001100100100
0000000010001010111101010001000011110111000110011001001100100101
0000000010001011000101111010000010000111100110011111001100100110
0000000010001011010001111101010010001101110001100100001100100111
0000000010001011011000100011010010100100011110010001001100101000
0000000010001011011110000000100010010011111100101001001100101001
0000000010001011101000111011000001110010111001011001001100101010
0000000010001011101110001001101110001101101110100000001100101011
0000000010001011111011100100010010001111110001001011001100101100
0000000010001100001000100001101111101000100001010100001100101101
0000000010001100010111100010001010111011000100110110001100101110
0000000010001100100001100010011101000111011100100010001100101111
0000000010001100101110000010110011110110111010001001001100110000
0000000010001100110010001000101111101010100000111011001100110001
0000000010001100111000000011000110000011010001110101001100110010
0000000010001100111010100011001010100110010111110000001100110011
0000000010001101000000001110111101101010011111011001001100110100
0000000010001101001100101111010100011001111101000000001100110101
0000000010001101001100111101110111101110100110010001001100110110
0000000010001101011000000110111010100010001100010010001100110111
0000000010001101101101111011111001100000000101110010001100111000
0000000010001110000001000010010000100110010000000110001100111001
0000000010001110000100011100100010011011111011000101001100111010
0000000010001110010010111111110111000101001100000101001100111011
0000000010001110011100100011000010101000010001001111001100111100
0000000010001110101101100110011011110100101000001010001100111101
0000000010001110110000100011100111000001000000100111001100111110
0000000010001110111010000110110010100100000101110001001100111111
0000000010001111001111111011110001100001111111010001001101000000
0000000010001111011010110110010001000000111100000001001101000001
0000000010001111101011001110000000001111010111001001001101000010
0000000010001111110001001000010110101000001000000011001101000011
0000000010001111110010011111101010100011111111101001001101000100
0000000010010000000011000101111101000111000100000010001101000101
0000000010010000001001101011111101011101110000101111001101000110
0000000010010000001010100110001010110000010101110011001101000111
0000000010010000001011101110111011010111100100001000001101001000
0000000010010000010001101001010001110000010101000010001101001001
0000000010010000010100010111111001101000000100001110001101001010
0000000010010000100101011011010010110100011011001001001101001011
0000000010010000111010100100100111110100011000110110001101001100
0000000010010001001001010110011111110010010011000111001101001101
0000000010010001010001100010010111011001100000101011001101001110
0000000010010001011001101110001111000000101110001111001101001111
0000000010010001100011000010110111001111001010001000001101010000
0000000010010001100110001110100101110000001011110110001101010001
0000000010010001111011100110011110000100110010110100001101010010
0000000010010010001000010101011000001000111001101100001101010011
0000000010010010010100001010000100111010011011100000001101010100
0000000010010010011100010101111100100001101001000100001101010101
0000000010010010100100111110111010110010001001001010001101010110
0000000010010010110111101000001011001111000000111100001101010111
0000000010010011000100001000100001111110011110100011001101011000
0000000010010011000111100010110011110100001001100010001101011001
0000000010010011001110100101111010110100001000110001001101011010
0000000010010011010101011010011110011111011110101111001101011011
0000000010010011011110101111000110101101111010101000001101011100
0000000010010011100100011010111001110010000010010001001101011101
0000000010010011100110111010111110010101001000001100001101011110
0000000010010011101111010101011001010000111111000001001101011111
0000000010010100000010111000110111000000011011110111001101100000
0000000010010100010111010110100010000010011101110001001101100001
0000000010010100100010101110001000001010101101000011001101100010
0000000010010100110000110100010110001010101011100001001101100011
0000000010010100111000100011000111001000100110100011001101100100
0000000010010101001101101100011100001000100100010000001101100101
0000000010010101011001101111101100001110101111010101001101100110
0000000010010101011101011000100001011001000011100101001101100111
0000000010010101101001001101001110001010100101011001001101101000
0000000010010101101011000001101000101111101111100001001101101001
0000000010010101111001000111110110101111101101111111001101101010
0000000010010110000000101000000100011000111111110000001101101011
0000000010010110001100111001110111110011110100000110001101101100
0000000010010110001101100101100001110001101111111001001101101101
0000000010010110010101010100010010101111101010111011001101101110
0000000010010110010101111111111100101101100110101110001101101111
0000000010010110100010101110110110110001101101100110001101110000
0000000010010110101101101001010110010000101010010110001101110001
0000000010010110110011000110100110000000001000101110001101110010
0000000010010110110110111101111110011111000110001111001101110011
0000000010010110111001111011001001101011011110101100001101110100
0000000010010110111011111110000111100101010010000101001101110101
0000000010010111000010010101100100100111010101100001001101110110
0000000010010111000010010101100100100111010101100001001101110111
0000000010010111010100100001101110011010111010110001001101111000
0000000010010111011000100111101010001110100001100011001101111001
0000000010010111100101110011101010111011111010111101001101111010
0000000010010111110001001011010001000100001010001111001101111011
0000000010010111111101101011100111110011100111110110001101111100
0000000010011000001011100011010010011110111101000011001101111101
0000000010011000011010000110100111001000001110000011001101111110
0000000010011000011010110010010001000110001001110110001101111111
0000000010011000101100000100001101100111001010000010001110000000
0000000010011000110101110101111100011110111000011101001110000001
0000000010011000110111111000111010011000101011110110001110000010
0000000010011000111000010110000001000001111110011000001110000011
0000000010011001000110001101101011101101010011100101001110000100
0000000010011001011010011100110011011010101100001110001110000101
0000000010011001100101010111010010111001101000111110001110000110
0000000010011001111000000000100011010110100000110000001110000111
0000000010011010000100000011110011011100101011110101001110001000
0000000010011010010100111000101001010100011001011111001110001001
0000000010011010011001011011101011110001010010110011001110001010
0000000010011010011001111000110010011010100101010101001110001011
0000000010011010011111000111011110110101011010011100001110001100
0000000010011010100110001010100101110101011001101011001110001101
0000000010011010110101110110101011000101111001000000001110001110
0000000010011011000111100101101110010000001011101110001110001111
0000000010011011010101000000010010010010001110011001001110010000
0000000010011011010110110100101100110111011000100001001110010001
0000000010011011011011001001001011111111101000100100001110010010
0000000010011011101011010010010111111001011010011011001110010011
0000000010011011101011111110000001110111010110001110001110010100
0000000010011011110110001100110111011000010111001011001110010101
0000000010011100001000100111100100100000100101101100001110010110
0000000010011100001001100001110001110011001010110000001110010111
0000000010011100011110011100100011011110011111001100001110011000
0000000010011100110001110001011101111001010010110001001110011001
0000000010011100110100101110101001000101101011001110001110011010
0000000010011101001011000000101110101100110111010000001110011011
0000000010011101011111001111110110011010001111111001001110011100
0000000010011101100100001111111111100000011011101111001110011101
0000000010011101101100111000111101110000111011110101001110011110
0000000010011101110101010011011000101100110010101010001110011111
0000000010011101110111100100111001111011001111010100001110100000
0000000010011110000101011100100100100110100100100001001110100001
0000000010011110001101001011010101100100011111100011001110100010
0000000010011110001110111111110000001001101001101011001110100011
0000000010011110011100110111011010110100111110111000001110100100
0000000010011110101010010001111110110111000001100011001110100101
0000000010011110111111011011010011110110111111010000001110100110
0000000010011111000010110101100101101100101010001111001110100111
0000000010011111010010100001101010111101001001100100001110101000
0000000010011111011010111100000101111001000000011001001110101001
0000000010011111101010101000001011001001011111101110001110101010
0000000010011111110111110100001011110110111001001000001110101011
0000000010011111110111110100001011110110111001001000001110101100
0000000010100000000111111101010111110000101010111111001110101101
0000000010100000010110100000101100011001111011111111001110101110
0000000010100000011010011000000100111000111001100000001110101111
0000000010100000011101110010010110101110100100011111001110110000
0000000010100000101010010010101101011110000010000110001110110001
0000000010100000101101101100111111010011101101000101001110110010
0000000010100000110100100001100010111111000011000011001110110011
0000000010100000111101011001000100100100001100011010001110110100
0000000010100001000000000111101100011011111011100110001110110101
0000000010100001010100001000010000110100101010111110001110110110
0000000010100001100110110001100001010001100010110000001110110111
0000000010100001110011000011010100101100010111000110001110111000
0000000010100010000110011000001111000111001010101011001110111001
0000000010100010001000101001110000010101100111010101001110111010
0000000010100010011011110000000111011011110001101001001110111011
0000000010100010101100100100111101010011011111010011001110111100
0000000010100010111110110001000111000111000100100011001110111101
0000000010100011000010001011011000111100101111100010001110111110
0000000010100011001101110001100010011001101000000101001110111111
0000000010100011010111000110001010101000000011111110001111000000
0000000010100011011010100000011100011101101110111101001111000001
0000000010100011101100011110000010111100101010111100001111000010
0000000010100011101110101111100100001011000111100110001111000011
0000000010100100000101000001101001110010010011101000001111000100
0000000010100100010101100111111100010101011000000001001111000101
0000000010100100101001101000100000101110000111011001001111000110
0000000010100100111011001001000000100011110000110110001111000111
0000000010100101000010011010101010111000011001010110001111001000
0000000010100101001111001001100100111100100000001110001111001001
0000000010100101100011011000101100101001111000110111001111001010
0000000010100101100110010101110111110110010001010100001111001011
0000000010100101101000001010010010011011011011011100001111001100
0000000010100101110001011110111010101001110111010101001111001101
0000000010100110000101111100100101101011111001001111001111001110
0000000010100110001011001011010010000110101110010110001111001111
0000000010100110011001100000000011011011010110000101001111010000
0000000010100110011111110111100000011101011001100001001111010001
0000000010100110110010111101110111100011100011110101001111010010
0000000010100111000100101100111010101101110110100011001111010011
0000000010100111000100101100111010101101110110100011001111010100
0000000010100111010100110110000110100111101000011010001111010101
0000000010100111101000001011000001000010011011111111001111010110
0000000010100111111000111111110110111010001001101001001111010111
0000000010101000001001001001000010110011111011100000001111011000
0000000010101000010000101001010000011101001101010001001111011001
0000000010101000011111111000001111000100011010000100001111011010
0000000010101000101011111011011111001010100101001001001111011011
0000000010101001000001100001111010110011110101011000001111011100
0000000010101001010000111111011100101111101011011100001111011101
0000000010101001010110101011001111110011110011000101001111011110
0000000010101001100111111101001100010100110011010001001111011111
0000000010101001101110100011001100101011011111111110001111100000
0000000010101001111001111010110010110011101111010000001111100001
0000000010101010010000001100111000011010111011010010001111100010
0000000010101010010010001111110110010100101110101011001111100011
0000000010101010100111011001001011010100101100011000001111100100
0000000010101010111010111100101001000100001001001110001111100101
0000000010101011001101001000110010110111101110011110001111100110
0000000010101011010000110001101000000010000010101110001111100111
0000000010101011011011111010101010110101101000101111001111101000